$ANSIBLE_VAULT;1.1;AES256
34326638393339376531396462336438633831353839323863323030623736363330323964373933
3363353861333833376236373465653664323131623636320a613165656132356434633765383239
37366338313832356637376262326635353939373736363536313162313930343635386666623239
3736643066366465310a636233616462393431333137646565386566326538653636343264643930
64366338623739326135343432383862373132363739343566353738613763323932313738316262
31343631366634663939373739666130643738323766353033393761323432373838666135373530
32366237663065323231393632303666356639306633346639666538346137316339633935383631
34386331643538646137316466383163643132633433336164386339623639643465626537653861
61313136303164626635316165383130343762373734646334366363313333663035396430333262
65376662396534636633633132613834313033636431313932626461363961353332373339356135
62323231363733633763636661386635343837333139343435353337623965306362343738303664
66313339336136346161326239356334643235363135343666616237663266636666663863313463
32356339386135626338366533333739633632363034666531616466613136376637313062323831
61376136663564643866346562663731646434633563383736376633663231656366386433363237
30303739313735366163386131623533396335336531303265663161373938663433663832306262
39613930386164396164373332613736356561626630663832306130356339646362613034643538
61383861333937663132303735626134363936386461363364613763383663343338383132653365
36366337663264353237613931303030313936383162326433383937346639633733613365333861
35613337646162656432653734343330633838356331333262646437626135306464326234636463
30613563373165633066323263613430343536303466363132393061306234383662613662366266
39346438303231623766653463343933326666353133326233393364616437363962343337376133
61316439326136383864326534373633336264363465363861383666633230346130626630613330
65326535333464663335363433656438643666613337383165643933386262393432306162383535
31376537333161353334383266393730326430363563376434646434623663336665373439613132
63336433666561623637363461626330663462616130313234663230623836346663346530323833
34346236393164613536636236653537313465646331356139373463386433343262393738363333
64626264383664383134663634366662323232303865343365333339313864323763646561336330
35353638633737346264666334636538303531373239313836383666616336633263336161346439
66343361356463303236353137663333343937343034633138616236363431376666633064616262
30373033356364333633393833323030616133383331616630313031363134396330343031626162
36623237333336613364643432353539383535616663323862353037643166643236393734633139
34303061663065353834623334353366383433356363313732333932383835376162643231313365
35366236646539343533346238306531646431326533316463336664653635656534326139346536
38316362363463353938653630383039663235323466366632613137353037376362333435643536
38333961633231373334333764633264373562623531333666313164386239316566646535633161
36633865356665393665393463616436343763393331623661303661643433393365643961356233
38373566383038353132393164663739666631663530306664663963313330663563303334653430
31323733343366376563353239663239323534333933383232313938393539366131643232333532
30653438356338373135306435663536653437376535383437383663363566316263636339383733
63653830373736323064663139373162363937346537346435346562616634656233623366353566
64616539326437363765336461393136623063363166653661343039646231346235623864346165
65366664626636626530333931303836383739373266376165313534666139363261353565306461
39323864396364666337613666393962646236383965666433376239376334323464353564393762
33353535643163633665646435386338343065656563653234653030633733363965313839326338
62303235313636616638383435373838623666356535393636363930366163343363383639323166
39323135393033643634643836336264633665333638336638373930363539363535653634346162
39663831386639363434643665363066313337316366316133393566636531393730343337326434
33666164313762383562366332346463363432316235616234396463343834313330323862393033
37616238373563363763313632343138313965623335336537333661303862356431653734623135
31626636303461396566336264303962656261663031626433343336666564303564363736626536
62346633306234346137623233393035633437643635373266663231303462346139626539363139
64653362333361653766653839383465646332396462616433666131313163393866613161326133
30336266663938363036323765343866363861666238366531663431346537646266636539306363
33646630363936643466663531376131303334613166623437643232353161316433336130666336
30633931393431356662626430303630366138363330333737383461343632383566323965323335
38356135396366336339656534613330343033326237376531373166353532343032343366376162
62303138373837376366663135336463353435653231326630633137316130646234636165666634
64666333306263336132373261333061386562613337396230396532336538316139353564343965
36663237666236326563383639623335333132366566636461313538626238323232366530643961
37356165323861313639376663393233646435386639386634383337626539326631393136666237
65363437636338356138333137353938633431643133323965663362633737306231333637383565
39616564373866343961353165396663643938653336353934336666653032653862366231356364
32636633633365663135643336626635633132636236626466353665663232373035326466616664
30303762633164383361336562366133333938616238313463316435306638623132633461663730
66326538383766663033306434636261373833343930623464623738356535313430323966383735
30303332313234643865363830313230346465643733653338333330633831386630666461653631
33643034323434656338306165373436326363306361663337333635653466396130663636613234
33346439346539383136353861623636626330363666313266316434346638303633353031366563
36363661363339306533646164646164633936656233646562643764383939353731623765363364
66666464366435656630303438633366643666663733373937633337663535333631333236386639
37343861653537666664613937646162383631623964376361366166306438623664336534633537
32323763313830336438633836383534353734303263653563303666383838613931303537393564
66333839373334336530333531386434303139393065326437343130616334366662376138613164
32666565326633323232383664383061386634313630323061646361303938313136343031303535
37363635303365306264663138313562616136303164393731616166646439323366666563633535
31346330303932626331363031333264386233343838643537343961333566356561333838396561
39613635316166616636633861393131636331333039616432636165346666616364633734383064
39653535633036373564656138323964393130326361366534353738653232366134633236393139
33363463613235393437346536616539623865306332623231373565303665663766333761653830
37633730656363306266643038633234373965666533663035613834623130666161623861316566
38313236303761633535383639376364656537363832663434636463656534383432616339396631
65633430366632343563383363313431313934363662336431323063383636333634373061373433
36333239626166323637323061623861343236636333616564313964326261646163663831373239
62663265656138633064383338323732346365656430333438313761393337646237333838306361
37396434396431653836346364366633316161313433616365343464363261356530346134333332
62323062316235376234653531366538383166623435323864353334633666633965343363353036
63653736663538363334353139636537393135373831656363323563393162303338636231356138
32323638366131333364303938616661353261633238393663616461333534663832646533663730
66633839356165356563653637366431353133653330303234663434653536623132646532613331
36333036663338383564306164646635326630393562326133356130616166656632336361393130
30383364326230326433306363646463333434653662363333353565363036396633396439393663
65653232396234643537366139383638623138343731383035363265636635646162616366646464
38643531313362376638363566646135633038306234613333393432313334363138303234653061
34326131383663336339323730363037313666626533393061623361316361366637313231303533
36356134363166653531343831343965306638626133643263366432666431373665346666353331
30613235636630653733623830646336616363636435373835313639643838616438626237333339
35353334323938373361373732303162333366323433316531623231666464323735623037666562
32623235623261316166653833626338393535323031333530353739316632333830393234663566
63613431353236323733646366613766376662613535373839663466303161633633656462336339
34393665333230303935366633616565393336313939346132333839393434343431363830623065
33366637636133663663626636373431326662346263313666333962653139323737643563323830
35303631333163323464396436626561393136363538306635623636666239663639656363663530
62373362613266663637316630376466366639613037646366386464313033663736303130633331
30353831623665646332666438396166356561626133333265396562383532313837616433373662
63383662616362316634636435386235626533313338366237326363643334396564343638373930
63663363323261393863343633653361646439386431323734343462653530616530646338333330
38313930653565653732373034306339663939626364353638633464613133666232366132616263
32313337663166653231663431363433366566333063663865363039633139323734393862666338
32393230333638323539633664343465396364393165303737323838616632653830623133383739
62366636326335613765653262303738376531646263343939386132306262616336356434353762
62643864393836373061646161336635343362363230636536623066613834336636393162326337
36386337306330613533613034393435353735383235613739313165386631313937653038323833
39653133303034316561343431333365383238643730613539396562336531643066
